887	296
698	225
649	672
236	458
514	571
364	304
677	217
12	23
242	808
3	899
311	194
130	373
508	299
431	697
555	248
659	53
63	700
916	430
297	939
411	681
114	679
681	280
506	12
649	212
475	768
762	323
960	235
164	633
612	482
741	980
993	385
842	300
986	28
134	276
54	282
895	526
235	62
106	541
762	239
16	346
654	507
131	116
201	909
335	623
338	105
357	649
741	933
977	825
178	620
738	188
817	828
653	309
785	832
413	920
879	406
584	345
968	712
44	380
80	800
834	192
400	491
548	684
690	914
975	674
285	413
749	760
512	563
343	789
674	415
525	190
813	715
954	665
411	556
92	555
824	348
791	162
528	867
136	179
906	428
517	450
863	781
399	260
667	713
955	791
134	405
754	893
908	753
926	964
876	823
224	824
387	511
481	949
121	4
481	701
806	604
470	797
233	254
179	197
990	225
198	58
35	748
530	73
682	229
605	719
472	240
398	950
382	765
583	941
164	227
872	182
367	586
545	427
74	809
397	752
614	966
565	592
234	792
286	177
543	661
952	852
362	827
800	528
421	324
224	981
434	329
428	732
918	78
674	794
977	472
954	453
622	174
402	602
955	131
773	490
662	843
32	486
686	508
661	460
668	681
513	25
902	588
654	694
212	966
496	158
149	3
699	849
796	449
970	276
584	230
841	347
181	667
345	376
887	890
499	439
838	7
129	167
624	957
561	713
581	402
308	526
905	294
554	313
554	682
591	709
354	527
802	666
79	323
946	645
123	208
204	399
594	938
493	523
485	914
0	673
516	611
374	858
476	248
820	429
697	556
3	817
548	95
225	145
675	1000
733	434
398	69
241	215
45	589
15	514
458	349
287	596
589	996
968	108
450	539
863	824
146	335
706	787
497	302
828	918
664	284
640	386
381	89
213	857
722	794
183	540
511	375
218	526
904	275
344	463
713	496
923	657
839	229
364	846
638	966
773	310
758	256
548	776
161	443
751	630
205	59
655	110
548	365
721	279
26	943
42	924
128	791
504	531
71	771
840	199
75	414
950	878
813	909
736	626
308	508
777	462
82	66
473	15
946	133
505	616
538	708
406	370
98	363
965	117
588	44
530	815
884	973
197	679
244	969
29	504
970	980
471	331
574	500
105	285
113	254
631	618
912	996
373	87
826	207
769	427
863	922
267	956
98	873
175	423
251	732
765	663
162	436
969	238
284	956
921	824
245	654
492	732
899	842
240	615
541	301
813	651
631	40
498	677
434	894
509	783
410	91
362	909
985	90
100	878
34	786
400	855
448	406
466	695
743	208
613	386
287	37
968	177
698	479
599	397
976	685
977	720
459	772
879	594
319	433
59	576
426	427
232	959
355	244
337	129
702	472
621	115
228	590
118	178
731	34
341	597
66	326
62	924
227	303
777	406
803	59
946	773
518	78
184	167
437	423
557	849
707	44
732	14
992	822
436	166
280	291
881	238
265	125
254	474
997	200
323	807
146	618
299	558
140	499
599	452
657	672
140	626
591	851
822	134
444	727
426	488
7	806
285	769
710	512
30	101
454	985
485	413
481	327
718	636
379	489
594	830
614	30
681	855
717	483
672	478
991	124
40	128
595	120
688	62
363	814
180	432
193	550
565	467
37	840
373	605
554	480
911	914
764	980
426	123
875	572
607	330
764	144
856	183
993	986
814	878
10	891
423	732
56	161
174	71
781	447
78	493
814	33
367	466
304	267
809	146
870	878
987	706
849	836
894	669
641	892
310	196
569	871
361	690
102	780
714	439
647	103
524	5
42	368
933	362
664	854
200	885
504	397
789	869
885	847
115	434
393	166
468	377
993	374
802	715
971	87
836	390
328	445
267	977
394	733
65	312
743	313
948	534
672	112
384	484
536	837
496	46
500	248
494	295
679	97
57	810
434	966
309	221
934	551
302	24
549	967
656	978
109	35
439	590
456	66
106	805
653	856
278	760
673	632
375	105
614	122
648	587
383	949
929	748
179	892
917	162
418	276
175	642
488	949
345	702
387	999
461	453
490	820
692	371
435	809
585	973
857	136
673	432
557	852
934	4
788	770
811	935
865	279
597	832
904	129
171	742
381	772
386	379
178	243
154	207
853	15
925	916
658	651
859	196
437	3
675	586
320	825
586	773
757	253
639	240
39	661
131	844
480	337
530	772
50	267
899	809
621	872
535	814
936	942
527	449
291	558
854	961
202	657
284	239
960	439
209	83
493	410
105	399
715	660
92	364
97	74
272	404
855	67
871	350
59	910
223	731
969	459
494	838
44	896
275	136
990	620
212	123
262	471
344	563
866	460
192	450
929	533
54	221
555	790
78	82
745	950
987	214
752	205
976	923
696	270
97	329
227	803
341	976
516	885
285	334
639	130
805	148
850	542
324	107
956	766
744	30
527	795
604	302
729	125
183	630
469	694
894	56
226	278
784	403
577	850
829	186
649	177
330	538
742	104
652	314
0	519
573	639
406	885
48	922
160	971
561	237
155	183
654	736
966	764
328	192
440	87
182	165
743	381
968	101
291	662
751	38
478	186
824	562
457	630
42	252
365	952
953	213
564	471
211	960
670	825
867	904
693	256
674	24
53	963
720	561
517	789
778	868
23	76
918	462
402	449
700	86
995	249
939	44
651	926
300	743
587	943
542	268
960	529
172	222
323	553
442	159
804	679
789	72
556	445
839	192
55	162
166	917
245	703
378	34
547	153
904	945
691	815
170	386
401	872
539	548
322	191
945	35
517	177
908	292
789	703
743	810
917	962
579	326
633	182
276	765
230	481
333	382
764	197
603	946
168	323
470	491
722	222
511	350
202	930
573	245
244	529
269	998
288	61
222	384
881	913
465	568
52	253
273	541
140	154
217	996
80	761
766	565
902	501
954	153
447	236
341	977
21	546
218	146
301	965
771	260
827	206
160	175
331	456
247	248
2	290
731	864
22	279
397	14
18	840
768	885
868	281
694	25
71	654
760	371
539	105
60	630
725	254
474	228
571	892
293	504
958	598
88	184
577	323
962	667
309	499
471	387
676	608
432	215
939	594
634	872
934	914
493	715
940	806
485	288
509	37
489	965
435	724
365	851
20	33
112	617
877	271
247	150
926	987
822	214
490	349
413	661
907	532
966	166
228	947
992	862
226	730
832	904
494	354
879	326
393	883
988	143
370	829
990	341
892	790
451	760
447	628
529	527
183	57
269	588
557	898
450	883
140	826
735	580
789	379
548	201
918	928
913	879
279	450
283	515
282	693
216	727
23	703
537	6
569	976
768	657
397	497
627	856
64	795
414	310
471	387
724	58
997	957
6	723
250	283
880	235
793	950
264	773
242	180
600	538
25	816
588	168
111	924
570	691
630	466
484	425
879	277
563	541
884	832
205	851
175	324
970	790
971	531
23	448
720	607
802	219
613	112
162	175
324	329
300	309
280	79
550	398
305	776
477	435
900	338
556	831
403	312
955	152
987	675
736	815
308	765
113	966
633	110
378	211
935	660
251	425
869	671
851	864
965	269
664	836
275	755
766	837
864	823
192	707
731	746
725	303
696	452
190	961
908	771
227	447
189	272
44	267
869	819
246	722
170	836
46	972
362	373
694	185
155	212
114	999
410	614
342	931
809	192
889	414
544	736
577	300
245	751
229	273
248	574
15	691
176	756
956	189
377	873
119	340
869	924
916	628
620	208
428	882
416	815
424	789
399	437
852	962
637	630
833	488
110	910
671	883
343	902
436	300
372	715
855	169
888	107
150	157
832	778
363	625
213	499
619	75
682	346
814	532
260	689
40	478
668	825
649	709
677	920
767	424
890	691
289	688
45	350
354	345
238	582
518	953
779	400
264	146
267	121
340	403
790	134
397	742
86	759
455	121
990	619
790	736
430	274
767	462
344	248
573	148
726	406
16	986
765	514
464	139
189	609
782	120
429	349
362	803
539	371
966	465
997	498
540	538
956	248
839	755
918	554
3	8
748	971
365	980
886	549
92	919
136	949
945	305
673	911
591	234
10	698
905	474
716	750
489	196
849	730
227	974
870	255
106	498
553	286
957	448
213	613
683	319
836	240
540	543
676	261
975	70
824	440
653	774
745	453
169	350
560	585
175	716
485	185
161	479
935	953
277	446
306	655
789	72
777	210
155	941
812	9
354	697
400	511
609	172
623	902
199	605
644	754
510	125
213	856
114	948
273	832
759	921
376	459
944	692
750	628
553	281
547	594
299	487
189	121
827	917
813	305
941	13
253	235
664	228
369	401
426	347
578	507
52	188
635	964
560	822
374	181
616	498
458	190
417	882
956	192
165	281
92	523
601	474
622	364
976	577
978	320
193	225
16	847
13	657
721	563
736	614
590	294
1000	360
485	886
695	614
383	993
649	28
711	95
662	252
413	999
657	692
540	970
462	41
819	77
3	272
417	379
109	637
4	933
311	323
167	402
105	659
173	707
190	665
551	342
10	933
59	658
105	975
429	667
962	132
959	102
25	110
30	810
421	521
458	372
255	556
414	747
19	261
439	150
612	20
70	349
874	733
332	365
422	294
215	243
297	20
243	817
893	437
482	594
302	613
760	400
598	160
909	351
407	393
42	38
607	240
654	266
701	757
802	302
303	419
6	848
235	488
540	168
768	62
726	812
975	212
579	303
550	146
151	505
952	482
811	396
252	862
360	299
939	986
851	521
588	376
154	727
386	586
905	847
679	725
619	870
256	927
194	424
490	177
463	412
986	712
918	952
75	921
374	994
747	828
921	272
396	818
871	221
620	410
346	517
786	683
753	491
928	602
129	178
489	459
556	475
403	564
44	971
92	703
454	513
138	114
932	763
913	217
194	487
661	961
607	930
942	660
273	757
682	87
75	106
176	832
581	146
932	204
63	219
656	690
557	758
681	399
914	606
435	997
130	753
339	711
856	323
514	308
498	984
432	756
703	828
862	187
979	621
29	778
872	401
839	847
660	255
770	112
69	265
387	586
192	248
890	817
44	535
22	720
562	370
328	295
285	707
129	750
75	557
808	424
693	42
56	52
287	306
989	510
316	87
950	905
152	417
636	978
608	765
598	220
147	645
432	261
188	573
58	496
668	440
650	165
591	969
635	868
714	715
458	49
19	698
774	885
846	266
342	483
259	197
741	337
834	181
305	37
668	846
610	363
821	191
786	268
196	22
517	594
885	147
963	323
677	242
649	484
632	715
465	131
980	85
741	538
562	637
779	875
693	723
774	825
180	874
46	825
198	636
824	254
826	708
863	767
590	809
402	58
246	790
869	852
663	84
516	34
347	127
807	657
130	721
825	443
631	651
795	342
290	153
463	352
738	706
110	391
189	370
71	66
554	946
938	673
949	6
187	475
549	889
547	35
823	181
653	171
483	386
976	201
200	172
900	739
197	904
613	864
326	843
105	232
533	20
42	425
541	607
446	523
247	559
924	807
173	51
841	354
530	670
578	981
919	48
111	672
494	907
598	130
184	712
187	259
72	516
599	26
62	75
200	27
152	762
688	267
528	501
482	936
731	883
756	202
950	583
111	855
211	513
757	170
252	880
833	431
833	93
349	428
837	183
24	664
54	61
642	613
512	45
33	285
270	768
276	762
20	640
880	275
955	946
789	206
332	578
2	475
677	801
505	412
213	114
860	138
904	112
469	181
272	229
237	461
39	966
549	374
377	293
588	856
12	15
294	263
231	760
531	792
277	153
914	441
98	181
951	967
823	604
3	341
385	929
699	337
552	29
944	648
365	950
771	496
193	948
685	142
334	237
388	192
994	896
848	42
80	349
115	231
637	592
510	330
606	414
770	242
707	740
911	14
721	124
856	752
192	401
801	66
909	766
602	981
954	561
661	528
821	645
54	34
748	898
336	404
183	963
838	965
973	957
931	121
562	855
183	504
801	64
986	361
900	654
423	614
651	884
384	903
655	858
71	20
996	497
511	390
610	14
186	603
110	426
600	932
581	114
16	20
731	772
880	399
304	505
889	135
987	407
91	160
475	417
732	869
287	943
10	23
390	617
926	369
66	146
278	808
837	659
847	312
857	124
916	728
898	299
580	747
51	387
530	5
529	951
776	834
370	132
746	719
916	4
959	501
976	785
174	104
568	44
691	767
674	989
661	241
872	393
544	717
354	241
982	200
857	885
960	173
786	400
116	370
523	431
970	442
805	389
293	819
754	894
649	82
962	536
890	874
911	762
42	590
272	178
961	542
571	294
660	875
580	935
370	160
149	649
814	162
818	631
848	822
215	232
442	38
155	127
656	918
527	646
2	316
967	620
477	858
710	498
607	334
429	774
29	319
21	203
183	72
446	572
545	560
212	809
8	330
277	174
718	507
182	654
706	371
382	152
343	20
279	981
980	358
364	668
724	625
337	65
67	971
317	155
693	818
110	390
82	669
514	924
591	258
676	467
957	427
945	7
613	770
148	774
837	356
500	681
809	445
268	355
946	783
951	135
918	586
937	884
547	685
584	416
673	486
499	379
340	524
501	244
683	882
607	506
916	429
235	8
14	918
992	939
278	115
429	822
624	630
712	624
835	513
507	341
790	997
602	541
525	543
267	129
398	95
863	61
291	553
450	882
191	762
585	513
281	753
350	448
445	252
187	21
781	692
271	198
132	456
270	746
59	878
856	115
410	580
949	387
68	809
12	278
463	448
793	225
849	755
303	182
964	193
121	25
188	614
922	736
20	640
889	311
928	1
772	373
701	108
81	499
440	269
668	322
656	313
526	817
59	952
520	629
46	444
309	482
266	326
808	14
497	394
138	716
353	790
669	310
502	754
91	942
878	537
469	98
987	610
678	694
743	12
949	50
646	851
296	213
267	678
965	561
542	305
205	142
220	430
300	190
342	558
134	713
963	28
997	395
283	601
175	373
129	882
303	183
839	280
946	828
161	424
896	726
6	770
908	505
623	870
248	850
851	624
424	358
449	693
125	442
122	1000
348	294
222	658
18	312
395	340
89	536
993	719
561	674
355	59
189	277
759	452
910	810
964	236
694	988
445	717
99	70
135	49
160	545
842	450
817	725
877	355
518	19
676	955
857	259
824	978
672	418
675	115
192	274
554	806
599	495
26	209
657	926
781	914
245	194
980	26
166	822
985	372
497	304
205	803
922	306
532	158
247	883
752	768
513	134
227	50
677	961
359	830
365	869
982	476
137	28
57	541
169	771
865	914
314	922
124	880
726	353
776	580
681	495
889	912
921	230
924	230
375	404
180	463
557	222
178	502
87	661
985	419
510	383
902	531
822	563
273	732
832	638
919	340
428	44
67	690
502	178
29	669
360	975
566	78
834	193
210	343
730	700
995	406
168	289
181	508
580	631
726	131
500	175
5	712
140	210
677	63
901	586
987	600
30	984
421	839
591	754
834	124
40	325
119	421
368	874
655	750
828	638
647	36
11	597
846	509
20	703
828	697
742	938
523	886
963	752
865	128
473	598
472	793
860	759
742	547
770	609
593	926
135	751
131	654
164	351
895	10
942	436
416	899
943	829
954	218
854	251
50	874
888	80
297	820
916	746
730	658
847	371
700	51
635	924
759	323
706	928
530	449
943	855
919	207
428	833
729	863
21	642
42	63
754	997
587	172
780	582
657	757
467	85
524	630
117	61
833	209
180	489
107	864
518	967
817	167
505	116
661	46
642	954
104	712
163	973
450	115
542	914
967	590
547	321
666	187
385	245
209	652
539	99
454	101
776	971
52	510
512	514
723	772
569	434
877	698
694	723
257	567
22	799
175	312
161	324
329	582
459	486
71	993
708	756
651	730
718	106
358	772
530	694
398	636
158	744
295	890
298	482
215	747
893	75
184	794
19	592
563	84
154	799
291	370
117	691
111	922
691	746
483	798
84	379
348	281
112	288
919	56
444	769
847	717
107	652
468	310
307	460
573	136
946	795
10	694
477	352
52	992
609	918
336	69
407	636
933	654
840	328
89	208
702	481
347	944
858	861
574	100
408	864
344	451
383	266
943	151
253	664
858	144
4	17
485	499
260	118
549	672
55	387
542	844
456	761
151	314
461	443
516	690
960	680
176	129
390	289
280	772
107	815
427	192
722	329
189	878
353	595
80	999
272	613
990	427
945	661
608	710
158	850
902	592
252	620
57	318
805	152
556	344
428	948
774	428
488	564
45	871
997	50
69	135
977	336
920	901
747	722
343	881
986	422
394	345
799	872
677	398
461	598
804	566
432	906
92	636
856	619
234	498
87	272
679	944
590	142
447	580
38	313
190	90
654	815
284	623
152	258
587	494
331	175
315	126
642	313
764	643
115	625
279	455
157	90
525	986
618	388
943	641
355	451
613	124
800	324
544	791
853	737
339	735
52	753
951	721
318	70
560	403
10	345
372	642
359	466
134	954
713	896
683	663
642	399
389	92
394	352
280	805
398	941
293	682
362	772
219	484
401	15
551	115
138	401
937	71
958	310
70	702
625	844
605	296
230	267
749	755
997	626
350	331
80	262
26	253
899	254
626	282
52	239
52	933
422	762
123	385
164	854
960	244
226	539
936	146
544	761
944	820
121	272
293	325
955	8
165	605
849	290
695	757
981	584
952	160
371	279
776	49
499	134
968	712
44	895
542	580
435	567
852	377
118	372
117	28
207	337
492	206
775	374
633	397
716	477
32	884
130	891
105	239
559	328
362	9
36	301
533	621
992	723
516	809
34	10
583	826
710	138
631	736
481	27
531	459
799	23
557	986
191	921
356	13
895	412
341	190
737	57
593	561
747	749
276	643
813	567
420	847
405	826
558	863
789	748
800	918
518	917
647	401
743	892
945	162
225	116
958	376
180	275
155	95
497	662
237	78
876	625
919	582
137	772
800	446
950	779
911	811
267	171
303	963
867	606
71	895
486	987
169	341
961	904
354	619
216	826
672	166
380	177
982	428
776	639
604	785
989	849
406	940
361	2
669	780
845	801
131	348
595	984
210	733
795	230
407	210
417	687
771	496
285	898
847	603
948	273
223	491
717	53
578	503
710	28
714	405
285	689
670	645
649	561
899	798
506	998
74	869
183	263
836	860
595	131
949	742
397	381
902	867
854	535
578	786
414	281
504	43
905	452
623	322
883	599
241	395
229	516
815	944
700	536
195	76
641	865
176	376
702	956
220	376
15	83
265	185
551	780
95	170
744	999
634	263
55	315
943	577
815	213
10	766
834	446
93	800
507	108
399	180
815	916
625	453
293	838
226	129
925	731
349	415
605	601
658	408
490	134
590	584
505	364
419	88
159	837
871	708
732	278
55	281
180	219
114	602
701	741
187	718
699	933
664	495
614	636
809	552
636	96
897	235
747	911
655	937
292	87
692	885
36	854
79	133
473	503
886	362
887	427
398	537
956	41
88	904
282	601
602	604
251	453
361	806
102	671
82	278
541	828
57	735
94	146
287	512
943	812
277	654
386	616
324	979
642	904
724	54
946	949
243	401
840	876
803	285
667	660
929	896
918	105
802	747
709	717
941	332
225	564
490	809
412	184
314	319
806	294
449	980
381	51
230	621
118	696
655	45
383	765
600	172
39	718
158	296
473	919
333	407
945	185
480	118
325	629
499	165
799	6
386	929
205	889
895	455
503	877
399	175
162	714
748	935
747	766
566	150
938	533
975	537
122	16
101	890
330	728
66	34
53	849
871	706
260	190
590	949
863	165
218	520
49	923
878	957
909	811
614	302
241	702
65	375
825	572
219	914
823	395
505	357
39	982
444	656
323	97
440	575
352	505
119	11
118	296
374	629
106	60
517	496
176	850
265	989
474	86
726	833
787	108
625	48
689	222
891	564
82	625
423	609
696	265
479	716
212	859
292	858
789	37
555	288
660	466
699	214
484	730
245	969
380	675
949	542
11	983
466	547
450	891
663	91
258	540
803	915
937	710
532	962
966	173
174	130
187	383
194	597
702	441
332	377
555	629
481	235
397	966
872	298
487	843
424	416
404	401
849	318
89	182
955	524
798	178
444	882
179	68
234	857
49	673
434	569
109	36
980	820
817	198
735	292
995	44
625	0
745	42
424	446
290	11
877	309
457	516
64	485
928	417
76	429
645	523
787	928
116	109
803	44
955	466
653	582
830	916
929	788
51	923
604	65
615	196
287	600
543	765
506	987
274	806
609	89
508	210
658	232
730	59
467	328
468	868
521	110
541	644
885	569
122	265
300	399
870	715
436	209
520	313
524	770
818	696
451	53
967	52
815	837
517	851
951	261
999	402
632	876
763	773
281	23
495	473
842	665
332	358
135	839
823	385
814	403
413	330
777	614
265	330
830	867
214	94
96	199
205	693
92	855
1000	772
930	291
550	647
499	741
23	860
25	640
125	919
466	958
679	973
664	123
56	733
423	958
992	689
318	920
194	198
43	802
915	601
307	686
531	878
237	172
496	774
458	222
889	45
350	306
290	81
746	533
320	329
300	811
715	690
685	131
642	974
204	500
482	652
923	210
493	16
987	61
860	409
9	607
21	22
378	571
882	463
261	519
868	537
635	633
188	49
1	633
313	577
70	605
133	51
380	669
268	694
312	861
305	771
754	307
17	842
393	974
200	859
264	331
699	532
271	36
604	33
485	637
752	829
387	959
206	763
627	204
951	324
960	608
935	203
899	559
887	954
343	384
733	985
735	617
163	848
989	731
640	556
716	770
157	811
867	653
125	683
513	636
245	543
439	66
824	385
44	611
521	296
227	649
329	684
654	261
789	563
173	139
472	71
102	211
22	622
547	502
119	277
799	860
735	361
30	501
295	979
164	475
527	733
723	390
446	187
601	305
109	884
630	353
160	941
190	784
228	520
956	221
101	227
688	12
647	419
944	172
608	938
529	468
898	702
848	92
157	260
402	541
929	935
841	697
25	369
515	399
702	190
500	16
259	235
230	305
982	126
309	153
344	498
811	412
705	211
698	212
54	729
706	595
8	655
600	523
801	908
406	971
781	921
895	806
385	306
836	735
922	787
684	96
833	255
823	514
952	492
729	78
41	62
298	830
861	421
740	683
368	126
387	964
62	818
61	691
326	753
769	45
648	699
832	248
305	338
11	502
215	524
127	86
250	110
738	780
789	11
64	761
687	835
233	559
885	250
467	28
516	132
385	104
61	639
851	84
886	646
428	376
992	558
324	575
523	164
982	383
130	802
426	458
327	475
956	423
720	645
518	161
100	920
475	644
946	274
183	257
439	78
961	604
977	995
339	510
783	915
17	185
214	468
13	911
161	637
373	372
507	313
190	712
582	313
937	570
206	931
758	482
83	752
484	962
28	555
219	866
503	380
672	908
590	353
638	44
739	757
56	663
815	410
126	204
579	322
834	652
72	42
714	591
602	601
150	250
372	630
940	362
822	538
749	874
604	150
506	728
235	948
579	706
984	633
734	600
86	572
31	390
406	408
979	674
912	953
959	274
231	469
776	611
81	643
334	167
581	114
997	273
129	43
254	183
330	162
618	214
575	294
722	639
249	46
154	901
301	429
484	600
646	549
735	507
66	809
76	968
693	409
298	323
181	510
611	592
591	3
718	923
529	272
883	573
738	56
260	498
58	962
749	552
657	969
67	707
530	214
771	811
110	489
301	690
491	245
182	488
56	313
785	629
406	244
0	243
350	213
698	653
670	711
996	387
700	941
46	484
469	78
677	120
99	327
212	355
111	240
806	184
790	348
777	424
675	940
951	854
846	875
485	149
5	965
332	697
622	957
204	517
928	320
774	751
240	502
601	803
603	480
850	333
153	322
785	221
71	484
812	807
368	489
119	539
128	171
476	980
28	833
624	801
67	604
920	73
882	992
82	224
439	669
878	840
696	996
634	586
638	411
503	343
928	797
145	134
452	485
717	343
825	412
141	543
974	462
913	326
154	191
207	733
900	232
681	824
642	648
917	508
867	949
279	87
640	252
448	309
493	627
422	307
52	322
377	20
557	650
197	601
760	461
70	330
230	290
391	264
571	215
730	674
571	115
326	604
551	849
717	884
692	780
781	716
498	732
352	220
515	852
525	275
591	275
954	800
813	732
26	539
27	713
116	492
123	980
447	620
260	447
415	186
212	272
756	642
711	343
4	650
813	112
533	743
775	24
271	825
773	389
13	993
112	839
204	726
853	430
767	133
101	420
783	643
30	874
230	610
935	945
484	828
357	827
257	313
365	6
737	412
127	339
540	642
618	98
640	576
6	146
330	639
685	970
268	782
923	933
673	211
442	666
585	723
1000	183
222	314
682	378
494	36
608	269
201	691
657	371
583	973
228	486
392	776
464	901
864	953
925	547
409	577
362	563
965	208
426	929
145	785
781	391
139	494
868	125
340	102
134	176
365	377
352	40
929	766
702	162
904	487
703	394
614	465
413	521
845	94
489	297
245	783
520	445
64	95
728	775
751	340
628	471
679	729
22	22
444	597
827	203
603	383
865	345
106	919
864	386
728	479
352	87
40	984
88	335
610	572
936	722
536	995
887	79
707	716
715	77
814	231
840	888
84	205
971	679
489	458
756	74
57	954
996	54
366	378
25	767
585	446
427	175
826	149
382	470
744	757
320	435
575	524
92	520
435	347
286	84
672	149
456	909
721	427
174	834
905	262
646	890
426	502
4	420
630	483
723	964
0	573
84	272
712	858
537	78
957	648
721	723
76	742
121	695
425	49
357	56
999	295
12	272
902	486
519	831
524	739
718	440
891	799
455	812
880	962
497	748
876	668
947	24
119	472
597	838
673	362
493	917
946	673
555	445
765	5
583	789
324	707
931	201
644	33
358	213
840	556
222	494
860	497
980	841
168	19
659	680
396	121
387	950
967	883
836	463
392	993
612	135
648	235
64	575
661	632
238	484
411	183
928	639
145	886
278	412
282	967
437	512
232	620
427	783
125	893
378	431
30	870
108	830
610	21
702	36
299	387
271	762
333	729
121	880
532	696
34	361
219	14
537	90
491	370
74	822
737	366
514	339
441	827
215	114
20	495
675	151
779	69
703	601
867	254
217	688
844	598
393	260
681	532
446	798
156	710
124	475
340	877
153	502
666	422
726	539
619	142
982	953
498	238
183	58
98	55
776	3
222	640
566	383
269	480
631	837
47	831
285	138
153	123
486	234
211	374
425	33
65	762
242	234
967	313
407	574
885	233
883	872
482	781
294	200
47	683
697	870
638	215
136	345
18	172
196	542
810	487
450	463
768	736
673	168
963	215
758	127
310	438
767	733
804	148
79	474
708	512
278	251
854	240
96	152
32	173
865	403
870	435
832	476
209	183
211	400
581	533
997	895
725	258
551	812
636	259
366	171
989	776
647	836
878	912
213	582
475	970
976	362
47	513
400	550
671	474
796	868
440	865
391	452
383	328
553	759
530	731
180	688
955	409
465	988
68	560
424	428
820	938
13	509
110	127
171	938
762	826
253	69
681	668
857	844
680	112
240	32
621	388
370	337
999	309
868	240
449	629
633	472
151	549
64	696
837	10
689	88
14	127
121	677
857	168
985	652
196	743
195	702
99	487
215	241
454	799
245	179
742	97
558	364
393	192
738	589
68	316
456	257
650	735
340	462
228	174
803	404
673	510
323	962
422	322
297	48
194	251
596	610
980	808
727	784
824	125
233	339
34	707
235	550
604	525
255	537
385	714
15	15
262	450
19	65
226	413
587	958
717	918
198	647
175	886
650	590
523	132
642	622
401	363
383	721
22	947
270	633
165	98
2	396
536	318
70	626
540	517
448	678
730	277
979	223
574	956
30	882
351	674
407	476
44	570
854	881
354	565
294	344
13	298
928	799
773	13
899	198
339	409
645	452
433	238
453	940
708	706
48	216
602	779
925	481
15	615
36	445
190	233
573	231
534	516
191	583
202	527
574	491
923	123
959	440
577	458
346	863
400	975
367	557
123	883
320	695
767	715
685	18
746	796
513	303
10	636
110	107
758	226
711	476
25	499
505	770
871	904
168	520
159	401
394	120
222	843
234	40
976	649
426	416
635	263
976	244
565	728
729	943
721	39
502	619
663	566
212	990
502	469
146	655
597	595
291	143
113	280
491	963
303	801
330	799
977	979
750	559
594	464
128	592
963	490
550	712
324	629
371	573
881	225
917	146
274	819
455	493
798	556
853	490
148	191
147	207
970	791
981	758
51	421
61	858
193	838
158	244
196	561
351	232
22	296
128	326
936	356
708	427
744	255
238	138
905	817
469	445
950	118
340	882
469	723
885	503
667	180
508	898
974	80
50	14
297	854
337	375
215	96
633	163
224	641
979	809
904	473
314	791
772	154
377	552
429	587
172	546
255	74
79	461
472	639
666	442
448	586
25	66
791	65
678	811
95	268
630	685
549	719
481	621
548	507
285	47
785	951
591	632
788	26
558	997
956	905
251	898
900	100
589	320
460	20
606	802
685	987
773	640
377	885
220	619
214	260
232	901
1	700
592	753
69	344
444	554
100	853
706	22
578	286
178	414
776	607
303	46
41	258
721	161
80	252
219	169
98	335
347	408
747	263
984	965
444	739
676	408
720	33
68	2
145	769
350	963
932	30
705	769
427	872
42	998
907	945
275	855
578	617
257	887
730	2
826	6
829	644
554	462
136	662
197	175
394	182
824	884
303	666
237	440
390	552
29	864
614	202
903	518
839	802
13	304
510	240
943	901
738	381
795	582
434	973
992	282
339	224
926	300
133	508
96	362
573	515
58	235
779	404
183	835
261	980
380	378
915	592
536	246
355	875
369	339
338	542
590	221
353	289
630	211
101	48
801	410
994	869
775	668
234	253
998	182
459	577
650	307
369	523
313	115
836	626
225	73
885	101
830	375
48	759
213	234
299	499
845	917
283	604
889	36
822	103
415	358
579	158
524	591
614	728
579	302
827	419
548	161
319	279
651	575
181	415
485	457
442	114
934	811
800	451
101	178
791	678
447	254
758	370
891	488
315	206
187	113
284	455
727	542
813	45
61	522
927	243
916	543
272	878
179	428
100	313
810	139
573	418
285	580
452	747
155	71
904	724
96	770
760	408
638	650
9	671
269	413
452	449
905	419
82	292
862	305
901	53
765	846
134	989
236	716
354	917
957	202
999	909
442	942
139	796
365	351
910	475
837	82
308	589
711	715
860	902
558	382
847	289
279	269
65	159
97	254
930	619
434	84
799	959
146	772
506	772
192	885
612	385
344	53
560	575
708	752
486	316
661	319
774	523
970	92
964	504
190	878
423	888
940	828
1000	327
903	377
130	958
552	860
967	824
588	9
345	403
980	987
10	143
559	270
568	821
370	837
376	509
57	144
326	411
521	142
768	400
319	180
23	876
215	659
420	25
475	988
88	763
219	739
420	502
411	478
483	723
334	443
61	199
932	653
249	19
488	726
125	721
812	463
856	463
751	299
927	287
467	266
775	857
684	486
231	588
475	63
213	877
186	160
413	336
634	883
633	495
791	669
432	283
81	802
26	33
895	64
581	822
704	526
787	482
272	119
482	152
457	520
218	306
265	401
87	108
941	966
791	49
4	925
375	481
721	881
99	961
467	853
116	501
232	2
841	66
424	257
438	617
216	913
488	595
914	81
755	6
207	401
754	464
490	167
403	529
384	961
642	526
86	215
416	519
304	939
91	400
932	944
318	116
5	957
837	670
160	590
43	7
794	961
179	100
680	133
272	330
592	820
915	932
853	642
551	963
452	441
567	665
873	376
954	681
459	826
256	883
126	673
673	982
22	386
594	644
182	487
574	442
683	407
564	699
839	812
804	924
473	358
74	748
241	95
637	734
635	565
14	919
662	14
415	964
828	62
406	619
733	581
784	689
996	412
763	788
827	587
451	162
604	200
672	411
834	619
300	623
402	415
807	414
377	960
528	296
65	52
637	790
506	933
247	4
679	999
204	978
552	813
925	650
674	602
488	396
144	419
963	80
835	23
134	933
19	290
634	876
278	316
793	98
811	270
217	82
719	674
971	153
456	451
422	895
554	37
684	426
525	723
878	749
98	104
896	908
861	115
101	42
770	437
596	228
491	663
832	566
116	638
363	823
305	178
250	255
118	687
312	540
514	61
736	641
554	110
317	357
426	363
612	825
444	683
516	148
684	606
220	138
35	184
327	762
929	420
175	616
273	585
110	209
861	950
602	513
504	880
163	177
307	925
120	447
429	826
717	271
455	335
917	942
904	477
936	740
84	528
99	460
701	769
616	447
783	676
45	571
884	487
56	24
34	816
444	996
349	240
320	870
692	49
904	219
618	340
323	115
196	852
995	360
129	969
244	326
667	146
244	77
970	237
797	625
402	120
338	779
239	604
511	471
537	375
369	802
641	229
301	781
485	360
443	82
921	128
484	980
282	572
671	180
23	740
288	725
674	6
60	786
500	658
195	120
200	162
998	748
576	446
20	431
372	283
550	673
192	904
732	902
901	185
467	754
630	801
705	30
755	234
429	260
371	224
953	71
637	196
878	412
269	662
880	730
444	516
98	786
688	264
703	609
2	490
652	547
566	151
114	666
841	482
20	597
63	320
219	111
990	936
91	942
259	858
441	802
806	882
525	675
374	659
797	215
221	741
772	620
255	42
450	448
52	541
492	314
113	267
96	113
911	796
279	294
903	311
35	650
290	234
534	954
346	15
292	176
622	73
501	175
192	111
676	508
785	504
430	137
88	771
391	498
556	312
104	735
617	817
265	320
336	131
470	486
105	520
688	286
805	639
358	513
495	196
649	779
139	204
327	608
986	879
698	689
134	801
308	296
200	850
175	9
465	3
738	531
180	668
537	118
831	293
900	288
773	427
907	776
945	824
744	806
22	767
563	383
354	481
932	7
412	888
88	288
735	590
811	18
596	220
362	259
443	357
473	248
512	82
672	861
800	354
515	630
62	672
425	134
625	633
695	352
158	232
884	188
437	589
233	231
157	277
56	212
957	613
504	118
821	809
143	986
272	888
591	967
541	841
425	599
982	906
405	311
976	783
71	723
318	638
696	795
878	448
678	495
843	297
692	589
195	745
967	382
654	975
410	805
461	902
461	330
748	728
539	553
698	633
19	946
56	56
358	36
272	373
244	173
602	532
943	114
625	661
759	539
787	702
848	696
58	301
929	537
261	834
780	84
174	380
669	716
904	191
573	955
65	680
206	434
680	64
190	17
241	789
396	505
487	887
85	913
957	310
526	290
764	448
332	697
128	53
469	429
735	538
189	37
554	689
466	117
555	823
784	540
986	165
844	660
886	314
962	24
989	754
451	403
425	97
747	518
877	288
773	346
924	984
195	90
866	763
892	572
228	502
447	259
472	116
128	99
210	801
984	219
947	57
636	529
698	513
596	926
320	461
288	286
362	891
863	840
296	107
826	753
443	964
248	738
815	193
790	892
256	297
221	456
135	378
840	325
396	263
139	419
384	692
224	795
406	659
798	9
606	914
888	114
939	566
176	493
787	234
966	831
29	729
823	986
982	798
321	592
35	732
234	696
281	921
723	184
794	179
607	483
232	359
653	469
651	768
463	275
579	664
298	655
19	255
321	158
993	948
685	588
98	998
376	57
255	970
941	744
417	67
238	179
124	246
171	551
630	911
636	381
252	506
527	986
565	712
513	367
925	438
870	750
952	380
694	954
736	570
583	277
945	87
633	159
754	574
953	98
91	541
211	994
519	498
72	62
564	50
117	337
849	782
955	187
144	962
475	984
582	626
271	489
564	561
169	279
670	459
742	364
39	448
486	512
272	644
371	174
953	658
504	529
56	962
805	556
431	372
126	442
819	473
294	534
944	676
571	298
227	577
401	287
429	320
61	580
101	483
166	106
141	759
638	796
382	105
373	534
457	660
879	323
370	196
127	933
84	313
93	353
474	448
986	618
496	705
841	737
826	285
212	805
769	862
446	610
56	483
644	252
289	239
68	348
149	282
804	758
681	382
893	51
266	784
584	446
525	478
31	222
557	522
995	383
618	974
823	439
18	575
562	12
158	103
709	944
671	783
734	677
623	723
189	953
617	124
914	504
585	644
724	240
749	724
691	319
34	947
965	696
751	790
685	652
985	202
395	813
621	843
861	869
573	374
748	917
484	900
445	991
462	875
109	824
121	663
845	42
89	93
108	391
630	459
537	833
493	682
601	510
75	883
619	261
999	475
461	417
858	41
649	381
372	853
157	953
570	474
904	56
158	758
835	822
595	791
786	521
152	5
336	102
612	535
716	565
165	652
51	867
458	371
900	449
202	39
540	922
562	352
749	828
888	116
501	601
936	51
337	623
531	619
167	731
183	700
220	344
609	66
393	150
100	702
408	893
909	668
890	805
660	161
600	855
945	493
403	111
804	859
79	567
733	985
174	390
148	25
791	216
332	455
664	36
423	482
255	990
800	293
100	747
519	715
386	544
450	577
126	483
561	110
644	461
574	319
380	37
754	533
406	359
194	470
373	452
259	684
588	800
551	169
821	612
568	191
466	949
543	860
308	504
54	728
401	477
230	602
154	982
141	646
936	730
983	519
574	30
70	277
359	747
28	371
404	742
876	49
190	408
770	667
643	370
10	129
914	792
902	752
792	879
6	439
327	327
95	22
310	151
384	87
833	259
761	722
403	631
986	82
364	118
236	954
31	833
410	615
29	712
110	763
492	782
221	301
698	948
747	390
823	916
438	472
873	610
9	340
498	355
142	320
114	464
870	334
596	615
193	787
899	734
528	609
948	357
350	774
99	204
728	207
130	146
187	650
565	249
796	32
462	188
995	954
324	756
786	648
1	981
607	279
841	78
423	722
70	556
351	342
732	985
716	142
809	970
207	857
838	2
904	551
458	998
787	464
543	696
860	463
650	632
81	183
889	433
689	52
622	221
435	926
571	43
370	346
490	68
217	337
337	326
949	457
455	656
849	103
419	865
744	437
779	901
517	389
776	746
134	503
292	774
492	31
790	926
723	174
893	527
684	189
364	703
644	10
762	65
421	250
89	656
320	710
683	859
911	629
823	226
927	768
784	942
551	299
40	790
977	459
652	394
21	278
654	789
310	881
357	372
420	150
415	436
636	71
630	255
687	674
501	20
0	484
255	877
505	777
159	534
822	90
229	382
415	252
46	148
242	901
719	757
849	182
436	180
208	289
854	558
472	361
460	258
685	82
469	232
912	81
931	507
219	184
551	241
216	209
347	692
293	290
469	113
228	945
308	352
796	457
442	693
547	899
672	31
757	591
902	802
490	938
392	232
460	778
702	823
16	811
16	736
356	381
790	433
520	306
526	938
458	951
51	532
61	372
91	761
866	918
400	699
685	208
346	364
10	934
976	974
171	411
38	379
533	851
0	769
610	999
563	452
141	447
694	619
569	322
164	960
459	954
256	883
226	680
3	281
718	478
849	924
507	983
77	640
598	397
704	452
820	541
688	38
146	810
332	961
898	698
306	490
733	741
30	291
481	414
496	977
294	622
314	237
883	897
359	957
631	100
727	925
515	441
411	461
896	228
259	295
771	791
514	202
842	139
462	211
599	595
445	479
839	928
974	228
340	974
715	284
792	163
167	363
611	756
664	2
691	278
122	956
552	750
606	539
98	284
347	771
496	964
147	47
51	381
378	330
392	616
71	652
526	252
416	46
118	298
131	5
449	798
820	778
370	311
88	941
560	376
460	498
989	418
193	617
847	894
776	993
121	1000
702	86
823	553
907	162
8	838
926	237
588	604
125	81
830	450
460	859
511	785
469	967
985	834
992	948
475	18
989	953
216	88
840	239
27	367
306	382
140	645
687	872
965	320
289	215
760	933
275	769
446	370
136	32
363	239
71	400
370	151
777	896
514	224
694	430
383	133
424	26
186	821
267	928
135	329
484	7
714	409
14	511
698	835
372	241
319	300
528	802
741	235
809	827
763	661
862	263
836	521
180	419
131	205
715	684
996	102
817	618
469	41
362	622
850	876
687	16
53	585
106	821
58	898
901	748
8	989
360	427
549	480
264	234
510	811
7	824
87	320
859	238
357	713
217	586
666	326
923	787
278	682
724	519
665	922
868	832
326	806
664	605
755	268
885	469
409	311
481	776
518	111
777	426
949	71
330	572
397	694
872	941
277	230
617	668
955	437
608	712
679	107
242	351
814	511
128	196
451	281
787	345
306	713
726	716
272	7
361	159
612	580
506	821
982	106
822	566
604	784
735	634
454	123
663	827
317	443
942	141
832	13
556	219
857	105
596	256
31	936
366	649
488	814
578	168
795	161
207	694
53	565
946	502
816	896
744	262
83	467
62	411
696	523
820	892
383	39
473	520
455	349
242	610
970	853
363	786
922	349
603	633
714	266
540	483
81	459
917	838
75	836
947	642
960	981
967	902
839	935
927	663
35	291
186	784
269	126
810	615
863	627
426	557
557	737
483	484
318	133
722	383
337	242
831	693
914	189
161	653
847	101
642	485
521	105
563	704
411	508
649	508
843	672
982	217
829	297
846	526
957	233
38	51
864	835
260	348
0	317
69	643
512	655
135	549
730	99
484	845
806	248
227	492
260	72
703	749
468	706
572	237
603	426
382	72
490	840
518	368
156	61
37	831
933	624
282	828
897	151
168	710
747	387
370	614
657	506
90	491
576	453
971	219
566	102
440	837
8	62
218	159
619	629
44	453
660	886
342	659
660	604
802	676
28	159
48	765
530	202
288	422
209	698
828	951
501	360
984	485
849	106
893	119
170	564
847	220
425	371
341	102
690	992
781	443
46	176
716	14
592	502
85	651
554	929
964	712
217	31
474	475
750	351
606	832
63	113
453	199
752	856
611	385
340	747
324	904
40	846
841	775
172	534
42	712
913	436
335	301
406	257
923	818
721	248
135	649
362	535
371	739
351	320
711	919
365	314
907	946
391	889
58	905
208	379
408	772
129	518
435	775
15	109
14	643
799	591
241	237
174	478
171	76
998	573
494	278
56	66
293	641
684	405
77	83
240	933
117	187
127	252
185	792
953	428
67	27
478	113
408	503
436	456
748	250
693	168
383	784
470	812
679	530
150	805
511	430
134	975
292	362
321	927
109	329
582	892
350	103
176	625
85	680
289	173
899	160
758	428
177	522
369	993
42	462
29	441
511	572
787	148
205	282
561	453
688	107
596	916
199	809
147	305
194	653
651	944
863	489
778	224
53	971
18	806
45	127
641	695
363	475
149	335
189	503
251	817
788	168
480	791
510	753
659	638
941	405
759	250
919	458
988	45
940	403
633	729
469	272
506	931
628	722
229	764
65	981
771	627
611	888
736	469
707	726
728	556
203	287
418	721
606	167
238	894
53	130
500	347
776	62
456	220
748	880
569	96
726	421
985	887
661	923
313	442
412	107
303	754
756	67
695	370
455	302
163	711
386	636
865	289
119	367
276	180
254	484
554	138
846	39
297	867
543	143
484	954
823	560
220	700
299	437
728	648
913	987
718	323
8	217
198	382
207	846
42	577
907	945
751	230
775	900
254	326
238	679
892	943
453	912
738	164
839	169
205	479
678	614
671	190
587	408
272	405
263	965
234	924
413	21
457	166
60	536
547	207
336	892
240	745
260	303
85	168
924	229
64	121
140	312
703	512
234	750
792	860
837	599
740	574
971	216
377	181
93	815
969	115
261	716
574	404
665	297
647	898
459	119
575	17
186	990
913	265
13	771
781	664
383	126
653	251
149	943
412	348
154	532
16	572
32	493
892	217
934	139
168	360
712	92
932	993
132	945
96	283
443	638
536	962
787	723
52	459
156	749
107	611
295	51
106	835
95	176
586	800
242	825
228	749
933	541
558	688
128	363
670	994
472	331
160	794
968	348
299	822
624	899
28	731
466	571
557	488
225	194
759	682
61	69
270	788
138	358
18	411
782	693
729	584
909	807
406	593
447	907
838	554
590	852
622	435
461	11
389	664
397	529
638	370
629	211
980	171
60	804
283	919
861	287
578	340
794	960
881	574
857	389
868	232
31	111
335	854
687	904
114	388
585	235
976	446
234	521
170	857
404	481
362	445
316	239
925	20
768	918
487	594
477	602
397	939
283	799
464	330
225	40
809	79
18	827
546	621
106	712
752	480
498	887
470	945
15	598
165	51
398	562
589	887
917	980
63	457
215	994
374	442
244	497
86	183
443	640
368	886
75	665
837	137
346	246
591	643
908	269
26	465
273	128
832	798
880	636
441	800
279	456
281	649
511	230
137	87
589	881
446	796
426	639
417	393
598	106
372	296
772	567
71	112
549	836
247	175
123	317
356	49
995	471
740	321
768	71
964	107
377	880
719	785
590	71
928	663
283	43
222	801
465	832
794	813
89	539
689	540
453	931
995	902
897	649
488	964
363	446
159	48
956	305
593	349
945	422
557	98
376	126
768	757
263	341
31	318
308	43
586	976
143	647
103	553
141	778
171	324
619	145
859	951
893	41
894	916
642	455
121	327
698	949
832	636
182	912
616	855
130	535
620	776
605	267
567	774
979	828
435	740
30	165
309	703
588	915
754	876
789	98
233	946
368	461
309	56
327	1
777	102
738	702
502	117
128	462
969	328
499	684
112	366
646	97
137	737
108	413
546	778
445	691
2	539
945	884
38	134
763	110
764	991
65	99
142	782
851	401
292	505
717	966
856	54
894	339
482	592
907	560
779	592
72	738
666	543
759	212
856	170
212	704
744	932
462	800
467	813
606	539
578	651
483	799
419	882
60	483
460	679
827	135
918	410
718	586
565	49
315	936
380	152
711	115
596	514
550	29
148	488
671	747
369	196
357	697
326	626
953	837
162	964
219	426
564	484
801	236
905	209
321	383
754	236
544	928
844	255
771	871
833	976
306	870
776	845
136	221
99	828
52	154
865	70
143	113
529	19
93	280
424	550
347	817
685	540
599	551
66	551
172	76
967	882
696	181
664	164
530	315
566	556
248	404
78	388
786	348
908	61
478	409
173	263
689	391
725	191
337	495
937	954
115	776
609	956
363	779
201	346
63	572
157	991
861	144
74	272
466	999
750	316
886	60
982	420
484	678
944	273
321	779
957	880
609	613
305	224
339	672
630	298
216	92
221	449
760	268
350	218
213	630
371	798
14	670
752	645
293	691
391	908
83	481
683	90
626	492
534	36
246	798
954	745
56	738
99	331
822	316
735	995
410	682
420	395
403	170
138	844
120	808
698	705
508	570
668	729
139	185
657	35
990	318
509	99
752	900
619	555
754	932
155	881
948	245
397	984
302	85
736	779
88	941
685	939
220	79
188	785
549	217
346	822
423	405
498	112
811	191
359	206
640	209
430	730
777	870
15	994
6	481
259	521
898	860
776	548
683	463
760	511
217	125
880	427
702	321
466	588
13	614
69	96
295	540
598	719
251	601
213	114
654	206
725	140
886	689
172	995
664	422
537	619
48	267
747	394
862	658
405	764
303	590
916	944
96	416
996	360
782	188
352	355
186	221
574	706
322	105
806	890
893	576
260	21
58	362
703	629
74	388
865	961
626	198
382	467
510	470
935	619
44	98
893	994
565	4
130	298
904	735
52	901
118	402
498	879
916	763
236	681
151	288
123	419
325	252
252	723
322	694
313	54
976	354
614	693
59	300
775	92
705	423
790	231
834	222
42	212
105	889
129	263
151	228
147	974
74	110
243	531
53	685
0	12
13	215
190	381
91	937
449	64
53	175
59	523
958	745
612	749
958	91
186	289
359	55
325	980
980	128
949	389
49	148
504	704
848	347
883	898
427	336
320	256
164	165
616	4
773	681
631	329
612	441
884	922
773	929
896	679
378	866
713	299
926	222
924	959
972	71
118	974
839	829
139	583
711	144
397	124
203	223
250	812
102	86
537	903
989	243
723	659
766	100
645	554
392	212
962	365
224	922
996	675
977	312
706	327
133	877
427	641
895	954
197	874
783	886
522	699
296	416
1	591
582	759
995	289
705	72
967	462
167	973
161	453
603	863
947	933
652	535
742	708
558	610
375	735
941	52
797	575
541	992
416	869
944	295
313	13
359	232
379	521
444	477
119	552
435	865
75	941
27	537
262	274
820	393
751	281
899	228
503	368
229	4
227	193
125	136
272	112
555	254
807	262
797	458
324	675
950	51
835	0
89	666
545	57
395	965
766	285
102	428
985	260
635	916
470	118
933	227
402	565
558	176
941	634
911	467
399	132
670	0
158	856
787	178
980	228
646	805
612	459
811	290
968	768
977	273
655	424
910	685
438	639
516	996
905	9
493	213
915	305
614	808
409	472
892	351
62	278
195	818
350	340
159	144
633	258
988	60
286	737
738	601
232	269
281	451
378	56
708	21
285	979
888	356
561	403
247	245
921	508
175	420
573	101
139	939
188	84
735	153
953	754
736	993
381	19
876	515
354	517
399	763
885	576
252	241
351	663
467	589
677	469
478	759
445	219
419	64
620	690
996	701
163	183
229	93
521	192
515	504
383	620
122	727
925	728
316	682
102	464
800	10
898	568
375	797
624	742
894	228
508	272
271	902
407	549
963	112
316	897
807	661
829	116
675	936
1000	500
268	77
94	11
908	100
733	237
818	3
192	375
402	575
613	831
510	554
887	803
760	949
850	438
38	977
624	863
238	4
161	608
316	782
806	386
865	864
127	833
769	347
985	509
665	464
798	995
566	530
242	523
220	341
513	52
874	133
623	509
416	669
180	494
126	845
545	85
320	55
894	413
990	29
653	550
883	176
979	374
58	586
311	799
204	842
22	798
870	187
526	756
904	592
505	490
943	502
528	721
554	306
630	692
95	358
270	660
556	433
859	906
26	973
783	687
737	434
514	896
451	322
667	764
285	529
22	145
109	953
496	747
651	343
714	306
319	661
497	846
46	593
443	230
383	256
255	132
490	444
338	147
229	648
893	862
535	294
499	95
238	113
781	415
155	66
298	177
744	436
61	178
958	759
451	917
62	688
81	273
280	630
584	360
170	594
354	284
588	546
419	605
353	914
493	542
537	776
478	611
46	315
434	899
162	383
689	445
784	343
608	127
982	140
578	764
44	962
508	239
356	242
50	939
151	186
139	971
911	396
314	172
542	498
229	354
598	187
5	451
495	452
189	411
109	85
968	52
760	902
292	61
118	410
798	397
514	833
600	209
433	158
704	784
76	507
888	503
355	181
248	854
293	165
88	296
27	403
125	449
180	507
570	511
532	542
178	199
209	558
349	723
77	479
645	610
536	920
116	427
407	244
994	221
685	447
728	753
548	449
171	31
581	401
463	710
110	308
749	929
306	906
190	666
932	147
570	890
599	566
575	565
231	314
255	576
106	934
554	459
548	455
926	43
712	857
169	436
741	26
269	455
6	968
483	503
401	394
137	918
856	867
739	413
789	886
466	747
268	851
186	23
800	131
454	443
299	387
389	800
423	650
579	238
3	889
76	397
725	105
456	403
659	219
454	760
384	93
307	45
763	301
996	556
924	289
981	794
101	150
71	994
61	514
144	865
19	856
130	630
995	31
752	259
825	237
561	145
423	641
859	426
629	727
557	139
944	121
707	511
881	518
963	594
951	323
183	73
632	248
269	26
673	543
352	855
578	65
843	608
37	563
191	49
844	84
699	229
745	997
684	963
400	187
972	912
217	430
818	591
138	783
375	864
639	87
498	715
261	35
819	514
465	461
301	503
692	90
424	682
30	608
269	885
806	372
853	740
332	709
716	707
296	327
252	236
413	480
946	357
357	412
126	238
9	491
305	982
815	272
330	433
709	891
150	148
915	409
123	582
999	257
950	61
353	945
911	212
140	697
295	677
718	996
179	225
376	811
39	76
107	298
209	372
962	905
399	276
51	356
577	568
609	884
297	915
195	732
464	931
514	517
989	337
950	980
842	9
717	760
797	206
364	1000
774	397
773	503
481	599
697	397
229	127
228	328
744	866
340	338
879	608
369	499
441	606
258	711
83	272
150	2
4	177
160	630
693	42
297	683
525	378
331	492
356	249
208	209
254	429
940	771
915	75
880	666
898	406
484	619
981	207
351	506
914	283
261	51
626	97
667	197
249	35
430	816
580	71
690	73
238	905
161	217
906	115
715	915
133	55
111	612
187	841
568	528
580	381
109	680
934	257
844	324
41	86
140	152
6	493
37	200
449	44
67	143
759	50
567	971
404	450
815	79
792	144
203	626
566	920
431	36
491	711
145	669
144	936
199	93
134	787
518	199
542	242
340	825
730	644
640	223
256	873
850	827
730	927
345	753
19	811
896	991
716	136
526	906
450	501
778	607
825	131
788	431
270	232
719	67
584	568
44	381
279	682
980	718
29	701
317	21
11	518
527	382
856	713
252	133
658	484
675	107
361	345
181	38
855	321
254	800
152	293
758	630
95	205
132	377
734	958
661	539
994	374
621	560
363	966
979	841
147	602
217	490
745	577
309	418
888	211
953	945
473	290
801	633
396	224
862	386
752	941
223	820
264	156
684	7
538	882
135	89
192	142
631	504
618	249
613	308
409	196
531	212
558	1
995	793
192	136
397	315
429	962
913	64
860	521
445	73
897	744
327	557
871	662
845	165
320	868
558	382
509	358
868	428
158	259
397	732
483	319
682	293
949	368
507	484
230	419
941	40
349	759
584	595
355	402
537	20
925	872
394	752
774	170
360	804
552	21
218	693
983	853
742	273
217	166
223	616
390	775
673	43
77	237
159	65
622	396
747	554
443	799
941	61
687	586
861	542
480	101
170	362
552	706
576	102
543	677
530	545
495	351
807	808
243	874
307	394
486	845
508	42
200	140
440	503
163	574
813	374
11	386
433	788
680	879
642	245
586	489
127	535
46	496
258	210
498	17
871	769
351	25
395	557
624	444
189	14
450	617
795	232
346	781
439	517
33	363
924	770
379	47
445	975
626	777
153	213
81	309
892	330
579	982
717	749
390	249
470	145
299	710
686	306
836	375
517	952
260	859
760	988
5	949
649	897
241	24
46	702
370	960
546	322
19	229
704	325
109	349
802	788
15	238
530	966
6	313
351	619
310	158
581	280
137	525
730	237
421	177
433	443
696	198
406	607
918	916
208	188
686	702
135	357
428	508
867	435
941	237
128	64
265	795
183	672
785	16
545	306
129	698
339	613
698	976
878	674
271	951
82	511
877	76
157	282
400	654
643	159
845	510
124	722
874	796
552	460
634	722
319	385
936	148
682	698
738	478
535	77
944	113
654	378
871	426
4	233
648	96
219	777
398	839
677	212
906	725
782	916
209	280
690	27
708	673
320	775
789	366
249	72
534	463
49	711
246	88
951	791
308	977
340	624
547	982
234	428
342	882
357	997
245	702
936	412
819	861
106	691
342	375
308	755
555	324
571	191
711	246
383	186
382	329
694	316
138	795
525	852
326	408
229	294
135	11
930	807
323	827
882	485
259	252
853	347
97	903
16	17
353	756
858	100
235	924
850	449
803	609
227	288
212	683
747	456
461	32
972	685
246	24
43	413
554	174
125	167
424	171
261	488
586	164
418	564
958	353
938	293
44	586
621	250
763	115
707	427
264	320
471	926
438	150
2	765
561	747
763	111
143	300
848	958
522	127
926	696
63	920
430	31
544	969
269	479
523	217
296	981
357	600
533	24
297	687
425	418
553	549
90	905
846	199
566	133
510	896
769	903
524	822
112	19
618	441
872	844
969	722
734	801
850	418
474	245
910	490
881	157
832	849
85	390
310	167
510	303
756	83
392	82
975	851
499	711
665	693
19	764
177	728
106	497
252	250
26	102
817	794
698	931
937	949
150	247
619	386
976	455
772	12
333	256
276	859
862	734
21	538
972	862
626	154
160	241
215	96
952	764
34	146
14	65
812	580
107	921
731	511
398	146
639	40
341	786
752	304
588	136
212	166
165	469
569	239
487	640
795	917
541	381
555	721
606	184
206	755
390	14
623	171
902	501
154	563
260	336
671	874
769	459
627	244
448	97
754	265
581	676
521	167
333	272
64	760
306	425
501	73
294	560
690	788
662	813
867	321
520	63
65	946
997	131
918	974
843	582
191	528
924	972
603	943
497	181
746	140
251	80
703	188
603	572
5	267
405	267
941	139
490	271
394	926
593	716
55	210
560	254
28	256
885	107
573	276
272	658
741	682
860	249
865	837
114	834
622	685
999	432
566	718
705	479
693	858
205	1
128	363
296	363
638	569
459	646
375	635
161	499
206	986
742	923
391	740
984	280
343	443
403	562
284	304
835	769
0	272
809	786
543	901
989	230
119	773
763	564
21	554
484	755
881	759
908	137
347	247
97	206
182	112
870	712
770	599
985	78
130	438
883	496
256	895
33	806
724	179
959	535
281	215
870	237
129	909
860	169
890	870
771	472
279	992
290	646
11	311
426	149
952	211
410	649
977	79
535	396
316	372
198	761
740	536
569	648
803	267
481	293
329	169
489	343
63	623
762	935
91	695
796	797
158	646
811	339
7	179
109	375
567	377
701	808
39	244
900	586
270	769
518	809
752	30
865	168
450	154
27	265
99	741
539	545
425	693
595	891
663	705
783	1000
33	453
862	505
282	632
149	784
880	813
92	8
704	224
368	249
837	929
790	850
597	949
31	767
224	605
265	472
521	558
460	81
340	866
458	194
743	985
547	197
961	495
486	830
104	378
32	199
784	405
6	569
479	566
978	592
557	163
781	918
742	205
439	956
600	130
391	94
208	82
763	741
358	205
860	548
422	257
87	117
417	743
637	914
537	965
575	555
848	317
473	561
523	504
425	337
448	747
982	518
281	586
782	499
936	113
655	450
980	744
481	392
757	778
769	89
150	336
179	389
122	621
152	370
752	971
995	107
187	202
616	88
808	551
867	412
823	701
728	579
941	287
978	710
606	389
266	313
661	968
931	756
26	891
5	564
460	281
570	407
582	303
985	846
368	352
26	358
961	396
982	898
636	6
650	565
497	379
74	667
813	572
914	347
855	697
339	309
102	425
414	774
363	403
882	142
294	959
538	254
808	913
864	529
709	418
210	603
483	449
130	528
263	377
675	349
231	715
270	257
855	176
341	310
585	833
569	885
108	948
373	704
739	448
237	49
828	490
661	80
633	662
636	432
167	394
357	990
342	627
895	360
726	271
757	747
104	857
773	169
63	201
53	154
144	517
265	703
389	381
144	619
377	395
37	75
412	967
418	182
601	692
934	289
858	11
593	795
310	919
383	450
387	995
448	794
822	623
344	423
637	778
876	576
190	358
887	275
978	524
983	314
10	599
640	478
881	146
761	711
154	156
125	269
593	584
868	147
529	850
731	95
95	124
531	150
414	283
585	208
227	851
481	419
984	706
386	236
862	750
771	212
185	482
639	669
301	867
985	401
664	463
754	922
531	996
523	110
898	793
333	120
948	541
316	840
759	893
792	102
964	970
824	443
732	965
706	593
562	355
244	712
361	567
624	398
541	641
974	958
884	485
319	717
313	349
728	794
561	253
393	55
663	257
733	128
12	547
45	864
822	101
510	786
575	947
449	666
360	373
857	415
659	126
290	262
311	287
779	127
895	509
454	788
949	177
277	432
504	860
151	894
214	523
506	349
575	883
33	558
687	670
162	268
440	33
398	940
724	504
579	529
586	961
624	424
963	1000
425	256
891	909
712	5
606	207
399	244
382	523
514	319
473	113
671	800
349	270
664	95
879	349
439	203
285	0
148	410
150	6
59	988
422	249
223	192
705	147
585	935
67	666
133	575
842	210
977	187
353	372
762	491
271	508
710	996
488	977
16	56
532	776
514	990
913	854
842	795
179	132
485	364
930	51
920	994
716	822
314	85
673	705
291	487
481	187
513	866
714	839
881	365
605	461
910	174
112	978
348	895
764	992
433	632
974	751
718	649
346	113
374	195
460	307
849	763
722	554
195	503
428	748
126	754
711	14
673	463
584	560
436	716
927	473
987	523
317	511
882	547
703	881
58	128
401	761
800	296
416	813
337	37
896	977
442	404
898	690
244	746
248	451
838	30
743	158
149	829
336	38
948	908
959	696
343	948
967	819
812	240
603	832
263	806
337	761
299	655
944	942
616	750
885	997
251	617
859	761
432	63
967	993
615	667
64	926
970	106
351	681
115	859
941	967
664	791
325	249
82	656
132	631
865	604
460	377
385	498
611	913
784	474
418	534
598	781
290	461
400	32
827	676
825	559
302	864
291	651
907	359
96	144
267	934
695	425
595	275
0	356
741	986
143	777
372	988
345	348
824	233
885	977
457	773
514	887
382	382
238	216
697	321
132	68
290	725
410	179
760	352
243	623
996	794
633	755
139	618
414	941
695	401
102	305
338	872
638	501
548	244
660	236
384	613
924	321
842	697
128	4
498	287
559	700
223	826
758	939
125	604
86	698
897	435
626	271
265	979
332	757
715	555
176	38
49	595
452	978
132	217
340	924
996	853
832	817
14	46
990	465
910	498
466	513
76	834
732	546
624	850
32	789
685	751
110	912
149	338
900	886
145	700
423	627
519	847
129	178
340	265
408	421
618	746
143	828
84	972
488	523
175	116
996	700
924	524
697	476
307	896
645	565
820	146
740	942
104	189
620	858
563	516
157	886
395	744
502	838
800	934
698	501
487	869
216	763
78	515
691	718
802	341
485	231
405	628
620	967
356	917
907	301
383	591
701	654
640	631
198	380
913	305
733	327
262	485
641	59
409	384
149	332
603	941
263	323
317	114
544	475
821	138
605	750
856	360
542	350
536	146
543	897
156	798
898	193
713	988
455	410
920	594
855	704
640	639
903	852
518	327
970	549
893	837
336	480
621	396
771	789
284	528
248	22
43	284
297	749
236	267
402	520
242	906
884	308
411	539
941	486
808	106
109	477
558	808
565	168
631	992
999	497
732	654
151	829
247	356
951	251
102	341
783	549
215	717
688	194
358	701
280	469
797	740
729	50
458	610
22	405
475	998
70	643
343	754
546	66
967	384
997	116
679	859
624	566
416	910
298	260
55	457
602	729
887	983
532	742
856	562
634	70
955	810
343	576
664	401
67	112
933	764
585	169
733	64
276	448
295	645
21	150
460	97
144	336
745	479
465	535
562	736
627	846
637	878
255	856
978	412
11	104
602	653
668	663
510	986
854	109
858	529
889	427
35	962
89	83
332	541
580	894
922	149
728	810
738	167
228	56
777	198
577	266
533	441
656	860
908	188
416	667
228	800
520	630
688	445
431	535
23	548
582	5
202	482
40	89
735	238
54	742
488	798
487	146
372	336
678	658
775	877
931	143
92	942
58	222
788	241
886	402
561	65
152	524
81	627
654	725
310	536
585	452
288	147
207	709
24	870
646	656
467	410
791	853
559	300
485	962
145	431
109	946
97	408
465	626
347	351
690	233
478	359
797	368
916	559
391	634
1	917
495	568
299	335
581	511
486	132
691	925
945	918
686	600
51	121
238	276
599	432
875	294
355	640
779	594
557	248
694	613
437	889
83	198
859	772
635	657
41	61
133	910
665	737
254	866
509	817
190	354
841	333
101	565
396	513
115	637
246	830
184	500
176	577
90	430
537	456
441	810
17	559
99	712
578	107
116	382
345	716
543	889
330	814
62	300
229	327
585	279
940	652
717	442
131	531
478	960
863	815
930	296
858	597
861	283
990	885
22	205
445	895
265	461
789	508
172	732
455	344
573	22
884	73
479	685
309	259
784	612
410	825
454	194
318	573
240	409
985	62
576	343
769	633
74	796
95	475
936	159
467	258
432	853
809	510
788	43
450	523
470	865
711	175
322	985
692	341
426	835
325	937
678	705
954	878
468	847
837	621
333	1
622	657
122	197
772	653
876	775
202	214
107	489
526	202
828	825
639	82
306	11
447	209
26	841
769	647
383	297
222	111
577	868
204	520
707	358
133	226
146	624
668	545
263	914
685	4
2	959
45	465
728	448
808	594
978	878
523	3
659	518
99	123
577	649
736	225
647	42
916	153
606	206
839	697
146	378
253	260
320	948
215	207
647	247
66	128
907	399
232	152
635	797
733	593
431	943
199	861
424	705
569	347
635	728
988	296
713	776
236	976
610	865
206	603
325	773
597	835
497	756
825	270
362	531
254	668
596	484
334	150
177	117
672	8
627	575
129	885
98	421
201	327
294	134
20	767
150	704
924	37
135	893
483	342
589	786
309	790
217	965
337	427
702	647
404	445
474	419
247	160
517	695
611	64
326	297
330	101
97	968
979	788
937	437
585	270
804	960
874	766
691	782
804	888
406	101
791	227
969	63
846	249
687	518
321	717
384	221
691	3
593	637
26	364
673	785
158	271
822	846
752	858
693	316
770	746
617	700
828	250
929	360
789	79
650	18
488	13
356	50
793	866
506	22
623	928
725	641
420	249
340	283
408	194
473	635
972	175
535	879
980	323
453	862
644	802
613	876
335	65
444	861
451	793
765	235
20	858
733	309
555	213
37	992
949	622
742	102
403	190
604	982
360	62
40	40
784	957
986	434
848	450
612	713
564	501
870	364
893	581
647	409
672	275
873	996
426	136
827	417
532	167
923	889
796	751
951	95
740	647
373	192
449	310
367	753
375	927
624	224
816	289
802	367
120	365
245	419
587	775
59	862
332	840
569	341
11	245
568	73
113	934
987	893
137	475
237	696
925	582
206	722
824	386
295	779
598	42
117	615
42	850
919	844
855	425
169	673
910	636
682	674
825	419
51	1000
803	860
399	183
752	805
71	568
825	204
540	838
719	414
353	661
779	184
778	766
112	405
604	169
421	8
82	652
110	494
934	778
273	764
241	925
513	587
747	868
435	209
931	376
96	925
392	307
840	705
681	272
712	862
941	361
419	976
612	119
744	782
628	31
228	182
558	252
576	125
790	290
309	541
811	628
373	442
874	380
319	918
990	180
402	46
127	472
788	577
693	271
901	815
824	128
151	939
370	995
976	73
270	535
546	73
599	680
230	836
432	265
6	489
104	149
688	759
306	235
880	599
133	364
362	144
283	442
536	733
413	158
200	549
988	775
105	435
916	958
457	518
928	21
337	946
399	221
631	951
295	764
211	748
909	336
841	131
313	841
473	791
692	953
523	1000
705	781
215	991
663	526
782	634
515	475
13	42
243	348
624	479
374	949
623	482
860	823
401	732
17	85
109	790
367	334
933	944
633	329
364	545
56	656
249	261
232	898
635	771
995	964
977	369
557	891
618	585
493	863
397	382
406	957
466	127
709	429
999	409
643	447
769	995
538	860
597	743
307	368
835	221
174	277
162	48
611	708
934	235
607	161
236	740
961	832
198	894
99	529
826	129
35	894
117	945
112	118
195	804
397	154
533	130
236	54
24	593
773	604
284	257
652	565
463	808
641	612
347	520
666	567
438	65
463	974
840	580
951	593
581	358
897	586
680	965
78	390
286	506
17	899
197	708
963	360
275	34
341	677
857	540
982	995
256	85
720	61
672	69
761	320
408	463
412	403
874	709
987	7
633	192
837	641
252	941
533	639
312	758
126	290
255	778
749	166
78	600
470	755
674	306
503	564
580	4
183	368
422	917
27	914
365	1
461	622
769	474
298	430
832	304
4	462
660	148
515	849
381	833
557	370
581	544
355	799
96	589
667	766
634	709
426	957
127	932
808	126
867	442
979	125
62	28
932	442
906	150
570	862
18	422
432	507
312	683
252	43
447	523
707	605
861	95
210	236
952	268
261	468
586	141
772	195
466	112
544	810
642	605
395	833
651	788
398	198
285	268
749	414
827	854
602	203
473	670
440	432
462	206
23	784
991	458
821	298
705	52
23	452
355	105
281	120
176	519
978	769
519	998
373	25
737	112
669	437
755	300
673	992
7	813
845	58
792	266
338	290
392	939
734	197
160	754
865	91
164	98
793	36
221	545
910	966
185	727
489	236
149	618
370	446
591	214
828	980
886	250
980	357
902	212
545	571
984	694
576	725
494	631
372	551
571	912
88	336
745	341
196	938
414	850
120	132
202	894
372	679
412	136
252	917
509	224
520	535
371	165
24	324
172	567
448	180
473	254
705	434
361	652
557	273
453	260
228	368
334	761
920	520
515	282
313	404
605	866
771	651
350	367
255	140
948	314
381	652
441	753
522	793
985	145
443	914
135	111
53	605
104	750
625	235
557	409
71	215
956	962
775	290
360	209
696	158
471	843
376	403
228	504
911	128
841	748
571	475
351	974
361	636
170	208
540	399
93	562
816	896
288	465
888	354
520	585
714	422
770	232
112	593
910	959
133	303
894	604
718	334
881	356
597	281
947	938
659	862
448	29
492	222
10	283
345	523
923	79
365	390
840	770
240	541
390	197
611	480
981	459
70	793
868	195
800	394
750	645
68	792
112	715
817	203
153	288
549	164
4	466
343	345
635	81
545	0
938	265
808	697
901	98
173	485
590	614
40	383
382	975
764	518
450	834
734	89
259	591
90	29
264	558
215	366
919	891
105	5
928	60
316	283
707	247
680	657
850	912
672	134
438	93
460	574
322	600
994	59
225	138
963	812
47	68
173	249
616	714
376	498
937	988
885	230
463	571
69	91
319	430
277	245
312	475
723	449
691	263
999	900
374	349
893	806
410	37
689	125
210	817
873	486
656	301
136	134
504	108
527	622
1000	794
753	752
363	190
75	671
250	140
259	825
192	678
638	263
613	3
673	806
968	724
146	195
328	518
49	169
286	619
186	833
53	901
743	283
385	656
874	997
535	144
911	429
822	392
359	910
969	207
156	532
60	649
45	571
192	397
638	116
6	545
574	141
736	310
20	108
514	27
67	327
84	915
330	65
368	682
725	65
888	526
254	694
683	937
102	208
61	911
268	435
60	258
388	873
654	332
342	226
373	660
708	734
419	964
797	879
797	489
484	505
239	243
419	420
661	988
355	785
193	823
115	714
658	468
501	774
273	724
325	267
181	382
410	256
876	392
117	577
188	738
858	805
373	421
119	994
870	328
73	232
966	641
338	874
30	560
864	669
129	81
514	830
508	406
815	642
237	221
343	50
314	970
344	273
206	586
545	372
440	975
755	694
578	541
309	934
80	510
648	885
851	698
308	185
915	872
637	562
304	798
756	379
459	905
462	801
479	773
900	307
189	402
362	739
160	111
685	909
803	514
269	361
571	617
106	772
939	981
45	565
605	396
528	685
644	874
843	780
835	554
297	656
657	547
17	318
119	90
805	243
623	239
621	715
109	157
587	84
824	78
290	240
581	108
847	453
397	828
482	661
691	613
105	58
988	972
908	185
809	74
128	130
661	871
468	51
779	10
331	597
549	691
891	142
28	380
289	32
595	245
118	338
751	658
568	198
732	942
293	96
197	551
328	89
561	77
256	921
891	319
231	711
105	985
894	294
466	883
763	472
226	728
477	771
52	509
772	482
991	127
261	482
310	866
853	232
662	345
83	656
296	738
616	235
350	979
352	719
431	728
577	239
120	568
976	515
863	844
40	485
363	447
525	335
192	753
612	374
950	781
552	802
189	952
277	863
566	326
811	989
449	759
82	691
294	408
457	865
261	84
84	135
549	55
971	714
143	831
270	139
61	11
830	124
45	863
892	265
300	384
147	438
785	975
125	506
406	273
247	46
254	553
66	67
564	278
144	336
616	82
773	868
629	177
681	984
978	933
147	419
918	855
439	547
135	386
587	40
657	464
462	562
139	972
937	299
524	615
493	148
527	153
268	624
157	258
878	893
562	983
340	629
614	761
106	309
126	904
633	148
192	378
895	256
220	808
750	551
236	913
291	440
842	884
19	46
536	959
497	906
743	918
579	768
193	184
291	516
862	473
532	74
309	261
242	652
137	43
204	688
13	195
908	507
1	589
816	345
739	685
54	379
186	114
617	210
846	584
304	474
756	325
942	751
304	314
443	762
776	192
910	991
190	128
967	90
683	553
468	281
886	594
286	597
295	465
943	130
230	859
202	193
127	335
738	423
303	383
477	331
401	532
776	720
437	116
250	645
717	319
265	905
506	626
140	851
783	317
7	401
183	988
788	910
432	90
473	798
328	443
319	680
869	897
876	372
501	830
205	456
471	770
440	642
910	513
350	419
618	622
664	577
919	419
617	993
134	50
166	996
571	347
27	645
878	647
786	286
83	963
29	961
46	20
448	669
17	642
558	433
2	53
348	53
26	156
399	656
187	196
386	333
787	198
842	693
227	803
425	70
385	549
222	693
984	757
895	652
188	356
380	375
767	846
690	184
112	437
88	267
207	213
254	56
938	957
857	35
993	210
99	380
712	290
429	992
833	951
406	832
505	237
117	366
432	920
964	583
375	448
531	647
476	222
476	830
832	357
175	252
861	953
16	345
367	488
68	222
287	470
35	254
298	552
884	972
307	965
939	188
934	750
452	563
117	621
173	193
765	658
273	378
85	509
22	629
767	318
843	272
164	873
221	961
843	703
47	119
214	976
107	80
432	933
537	355
29	410
973	204
50	704
801	382
308	147
866	247
695	957
793	131
605	341
989	64
591	477
701	638
924	782
214	28
309	475
942	410
852	169
402	488
407	480
768	514
995	415
372	793
993	680
434	787
115	162
183	52
407	331
343	231
317	230
381	19
445	47
957	401
604	222
322	598
763	51
801	567
463	786
29	962
771	674
888	774
506	413
713	721
820	827
920	425
526	114
142	131
143	17
434	252
866	167
692	667
53	445
652	421
395	633
889	359
446	747
864	688
160	60
809	770
957	600
401	95
505	714
401	945
568	897
678	912
121	941
324	95
985	161
55	882
729	941
293	302
160	216
278	923
124	540
735	428
797	221
348	481
377	746
275	245
247	547
101	411
558	495
334	500
42	993
400	938
842	932
390	813
181	893
396	698
454	568
73	928
22	987
107	789
643	808
893	359
726	45
962	635
436	837
359	728
596	485
78	468
674	186
457	102
278	470
870	982
411	482
854	239
797	759
391	953
978	328
672	930
947	697
155	733
198	336
509	617
487	183
690	731
89	705
212	651
733	576
227	871
716	170
590	452
156	434
708	503
971	277
455	355
479	832
782	86
543	853
476	29
869	810
198	244
7	729
86	259
401	79
445	783
415	234
969	961
492	599
830	158
97	482
127	271
544	70
237	737
363	357
119	396
472	924
178	597
865	701
142	604
387	439
387	569
506	20
453	273
244	136
275	708
412	595
436	105
915	959
720	654
778	701
39	577
816	630
423	788
161	541
692	292
219	909
490	707
105	511
176	194
434	314
637	120
371	506
953	205
713	675
238	549
910	251
293	136
196	55
594	907
343	818
119	583
810	241
613	146
358	571
357	492
364	991
377	735
600	201
705	182
588	751
555	570
374	779
210	453
891	735
568	326
388	158
97	793
404	655
717	660
720	578
851	285
846	78
241	950
851	988
361	572
348	972
986	908
378	58
507	251
392	382
27	22
522	34
661	451
8	488
558	616
638	398
231	428
631	407
985	481
828	14
942	361
529	645
977	959
226	182
955	525
533	611
743	901
814	427
793	658
19	985
918	846
230	567
666	117
310	164
861	332
789	368
522	297
685	461
599	325
435	46
179	18
729	964
120	218
234	964
692	380
289	710
507	64
981	46
214	990
11	867
930	480
669	583
743	664
768	489
298	820
547	344
577	206
485	424
55	920
201	618
230	685
412	668
7	717
982	190
682	249
612	936
306	906
124	418
93	248
337	840
426	615
716	772
580	537
456	486
0	415
963	446
300	617
695	540
686	143
136	188
960	958
383	87
37	833
921	543
471	325
437	792
626	162
125	526
643	745
100	317
481	769
139	410
726	735
344	251
56	36
817	427
284	611
145	673
170	505
259	870
18	756
44	853
420	498
196	563
776	995
785	570
749	877
571	620
240	454
834	335
773	542
852	804
503	354
794	940
290	37
382	606
900	248
450	777
664	635
596	175
336	862
469	839
170	138
585	55
623	605
234	167
890	652
62	859
430	863
157	879
603	755
61	266
619	528
188	383
819	358
504	326
832	51
254	505
946	494
938	346
85	371
742	690
132	994
296	747
604	860
463	382
717	975
153	481
415	969
152	471
86	290
955	700
226	370
908	703
383	564
953	593
46	93
807	391
768	679
416	912
459	778
647	475
128	755
973	879
841	93
284	704
510	119
363	791
237	69
445	645
796	35
70	712
681	359
296	112
936	597
243	148
19	964
263	933
498	936
68	24
34	978
612	575
336	788
189	182
574	52
716	561
752	220
813	157
818	717
296	467
56	245
901	658
370	197
108	115
769	300
530	496
35	506
600	814
312	518
262	202
47	191
52	423
871	607
384	795
635	508
646	133
110	422
567	495
601	93
613	998
114	930
923	502
781	157
401	585
626	927
473	141
91	12
76	981
511	573
507	662
382	713
21	715
513	688
989	498
489	403
853	646
860	658
373	630
181	196
483	166
849	354
483	136
489	489
440	143
452	529
5	533
985	502
894	193
506	663
318	772
650	520
611	189
344	608
18	549
236	74
268	763
908	956
15	527
810	738
670	729
97	318
758	407
89	111
953	651
821	889
132	148
86	796
356	349
790	83
937	125
345	126
211	393
992	239
245	746
834	97
482	947
770	284
541	764
938	345
89	531
317	887
960	572
929	487
592	55
638	595
443	798
77	165
202	279
162	528
906	643
563	34
296	235
830	816
254	227
847	596
515	87
254	237
539	843
125	646
921	440
334	514
879	687
1000	169
34	932
20	765
224	708
494	100
823	142
404	90
146	291
307	961
696	275
954	39
383	940
1	36
698	545
445	68
864	247
592	890
274	780
591	353
807	24
993	460
624	500
537	918
611	337
344	35
941	159
211	349
869	43
502	713
444	712
46	814
75	716
850	590
498	697
627	515
310	278
186	347
977	264
18	614
15	508
469	310
396	971
881	693
683	810
950	555
112	688
528	843
655	218
309	232
601	770
644	468
16	416
647	510
397	320
930	559
93	13
800	216
863	741
584	493
71	115
93	565
104	778
498	917
859	366
826	951
332	821
274	876
466	575
648	264
641	16
749	904
246	498
326	576
808	60
330	557
65	760
162	784
72	802
746	210
587	181
725	959
766	802
734	37
1	140
824	515
925	244
947	649
835	923
418	938
822	893
434	236
20	148
100	104
39	518
137	207
556	809
598	494
582	791
402	247
759	5
792	904
192	159
995	985
187	514
667	662
853	57
486	121
388	986
353	806
175	15
984	840
267	350
910	163
147	617
167	399
393	149
401	477
936	174
451	683
728	799
836	8
464	24
610	21
924	760
55	242
761	990
680	823
268	289
223	229
187	243
657	455
465	529
683	78
475	698
166	78
583	683
369	211
682	934
150	72
67	183
252	832
166	953
620	114
500	198
852	170
806	720
475	615
464	843
335	223
355	82
440	165
197	316
250	909
276	152
74	311
594	495
8	460
948	413
770	823
70	146
176	499
727	85
509	499
976	2
597	386
966	324
975	282
379	731
386	791
414	938
798	903
61	438
569	868
398	72
74	222
285	767
892	184
6	35
456	715
60	190
972	122
747	693
617	316
995	478
745	7
41	831
651	752
211	966
967	800
877	871
868	383
963	860
255	173
434	949
94	339
684	855
749	468
395	242
114	101
810	100
231	434
317	571
877	816
87	999
404	787
780	253
397	556
736	395
342	920
566	915
480	632
131	179
401	571
125	790
660	695
213	439
357	203
43	78
767	804
418	810
507	474
137	467
646	910
839	91
804	544
730	460
350	208
106	714
758	832
564	515
751	903
342	996
102	352
119	97
675	982
237	0
934	508
11	215
378	317
943	825
53	108
487	353
838	896
378	386
805	110
798	457
586	686
737	685
563	403
570	223
819	135
169	382
35	724
427	367
950	9
995	566
474	485
324	304
171	502
345	571
563	3
387	739
602	633
630	445
413	933
993	46
931	748
608	877
254	734
839	466
875	827
519	841
796	827
642	226
523	906
790	799
59	739
183	993
160	587
390	300
523	212
23	893
162	715
567	801
107	981
956	584
563	73
823	359
469	784
226	95
164	861
247	79
170	626
640	227
73	241
434	542
671	133
522	881
586	610
985	364
470	992
173	97
465	757
221	814
202	503
941	223
641	694
519	987
244	795
967	46
771	200
533	284
288	391
980	162
59	879
759	126
987	116
134	961
677	527
698	737
459	727
896	909
982	45
448	758
246	194
178	110
257	494
541	784
777	19
627	539
102	959
107	118
473	916
64	193
660	46
641	649
319	440
150	936
212	335
113	624
677	51
349	227
447	567
752	363
389	308
306	839
554	652
458	59
868	922
674	146
405	855
191	396
851	795
974	470
572	744
783	179
18	830
764	265
639	850
889	39
30	662
107	459
944	349
735	123
106	239
985	640
349	512
527	894
607	627
111	53
859	613
901	86
922	590
911	155
36	251
785	207
230	430
292	157
460	704
727	371
844	181
180	202
22	5
866	794
474	721
633	299
708	80
16	787
977	758
461	9
554	176
133	851
334	826
481	415
537	813
391	75
921	316
416	116
971	969
399	112
261	422
763	997
259	60
825	440
341	55
242	651
85	914
579	95
59	27
572	677
75	766
928	168
834	809
465	727
161	271
278	251
107	745
892	977
881	690
778	458
323	739
739	752
23	773
258	851
791	757
220	637
358	704
781	757
957	955
315	464
373	378
435	783
628	904
804	697
463	371
231	726
273	73
689	416
220	532
617	609
768	957
254	626
148	875
653	908
709	222
667	175
22	254
474	864
192	808
834	127
292	986
459	174
197	65
956	371
874	880
660	25
767	271
649	8
579	31
387	71
562	672
661	998
518	350
536	477
562	968
861	791
357	499
864	320
503	637
731	209
470	394
929	937
263	987
652	564
707	819
822	898
746	555
633	121
645	861
502	386
730	858
435	386
53	879
231	434
117	587
86	924
426	341
611	236
439	782
124	377
746	72
647	991
912	667
97	832
653	82
29	632
528	120
596	136
527	845
805	702
899	76
431	827
384	847
107	850
390	973
313	601
692	832
126	489
566	256
980	62
621	810
1000	985
881	548
308	253
944	170
513	992
389	6
37	599
21	485
838	370
366	887
138	569
287	257
239	777
823	910
136	298
615	714
844	897
595	527
101	338
438	211
932	743
732	694
572	189
332	216
253	980
176	971
932	31
390	553
378	225
250	976
201	275
500	842
786	835
922	437
121	517
412	51
587	126
641	377
969	621
651	579
134	76
816	787
711	70
291	560
391	34
442	612
194	301
169	379
643	294
962	297
45	935
832	159
379	153
190	804
846	111
382	64
353	204
472	348
271	500
268	671
184	390
186	997
601	734
498	595
858	43
475	692
1	205
680	677
181	777
640	897
215	946
142	827
793	165
401	80
705	649
737	726
775	899
803	329
263	418
842	54
102	231
410	461
818	381
65	518
297	678
915	27
808	184
144	91
641	85
753	861
906	373
813	974
400	102
108	625
228	77
74	223
88	121
302	376
26	261
164	91
44	354
360	841
188	195
679	180
142	117
221	404
354	716
428	19
96	336
951	542
655	281
923	248
258	115
162	416
900	936
401	817
340	191
969	40
897	334
503	950
629	230
2	866
897	1
965	1000
376	320
282	986
516	441
768	480
24	623
604	660
625	996
550	702
793	382
672	604
726	466
304	259
841	1000
922	271
64	558
277	170
198	911
642	959
969	314
408	381
577	293
253	802
390	663
28	676
869	214
117	86
142	340
105	884
618	616
469	847
742	115
324	7
770	828
503	489
990	212
856	64
409	204
491	880
633	465
744	424
864	500
840	320
600	109
644	107
220	609
128	359
113	525
501	117
23	974
533	463
83	358
600	234
760	490
551	792
760	516
196	831
563	369
985	781
276	411
393	269
874	552
243	577
7	716
233	881
621	441
739	398
415	581
833	314
70	382
318	777
734	401
2	386
314	31
445	521
266	97
663	47
642	130
597	251
225	414
826	233
678	239
967	403
260	452
357	742
470	238
71	895
651	63
384	16
580	225
806	147
736	227
89	641
637	313
356	417
796	406
874	491
207	893
543	910
349	936
164	367
108	304
789	920
627	76
642	130
673	780
576	924
807	33
496	207
535	892
13	782
758	4
471	127
583	822
636	247
550	535
521	506
653	25
763	148
522	997
226	443
812	127
617	386
19	484
393	673
512	103
545	181
701	444
659	650
590	942
773	88
819	562
684	218
281	983
502	123
776	460
812	32
981	919
24	698
317	261
234	144
377	512
99	87
50	70
65	250
934	216
602	229
144	947
117	298
436	185
722	324
881	618
425	319
938	104
769	124
964	455
237	986
504	2
76	750
301	609
526	115
679	620
784	613
402	603
76	3
549	953
89	48
879	215
625	644
69	532
851	536
953	275
202	696
314	675
836	956
613	444
273	40
588	588
723	664
964	867
624	986
885	240
85	44
866	118
955	394
606	101
264	969
476	686
862	408
899	702
220	412
826	502
549	844
349	257
710	882
953	100
177	839
524	855
416	41
440	43
944	674
171	137
209	342
436	186
714	18
131	820
670	847
495	295
172	737
472	910
904	877
388	443
943	23
199	262
740	866
619	212
85	974
685	119
909	111
389	313
865	298
626	986
371	923
674	963
479	482
335	966
13	519
727	694
735	954
741	852
845	334
390	368
773	677
987	896
518	151
749	747
713	136
652	682
648	133
521	735
710	579
949	969
568	908
59	250
844	713
803	582
989	24
737	513
397	721
429	99
250	131
570	60
239	899
837	921
252	985
512	143
134	103
781	338
181	850
488	377
271	371
202	332
467	290
107	598
560	518
321	797
65	66
749	963
278	739
346	336
355	598
937	545
68	159
955	701
814	237
856	312
56	987
811	83
269	203
895	357
150	957
455	943
546	180
482	11
201	902
525	580
327	886
998	839
937	871
414	296
2	25
548	20
657	392
330	371
357	403
756	464
761	176
311	175
861	575
813	512
932	593
949	370
228	520
153	245
443	976
506	912
521	410
466	827
289	448
844	182
337	850
207	566
613	942
893	813
51	139
756	415
159	726
7	306
500	138
623	918
621	481
720	794
672	55
759	43
62	772
540	22
643	856
12	678
509	318
648	148
551	856
411	415
182	410
260	887
228	907
696	971
393	372
69	438
282	707
492	980
704	864
686	207
711	928
1	931
979	888
768	10
159	581
680	901
446	583
892	420
432	441
555	295
56	346
445	479
53	880
981	123
601	154
362	512
295	35
618	646
911	889
815	835
874	826
207	604
126	814
45	653
912	446
882	99
738	951
72	833
712	794
609	470
431	924
160	911
210	476
585	38
599	339
126	627
215	526
655	568
994	395
374	633
307	755
71	392
892	613
217	227
636	358
627	882
670	739
803	166
327	675
862	160
993	645
266	777
13	958
225	937
484	36
810	797
394	43
506	65
349	101
34	403
220	656
609	1000
781	950
956	938
481	100
87	370
328	780
615	378
881	196
35	919
920	657
780	843
48	982
768	279
733	727
686	71
676	44
857	555
407	998
296	798
527	877
151	197
931	69
212	939
652	742
951	829
145	355
618	574
34	5
964	531
489	551
994	949
271	511
541	960
688	890
502	318
715	249
186	627
394	182
172	120
166	560
974	746
898	451
578	908
381	959
455	262
823	907
626	476
771	382
431	523
215	378
774	216
782	678
735	29
944	738
378	583
183	105
858	849
124	246
795	79
913	179
754	542
460	68
725	596
526	892
544	710
893	349
940	580
33	515
430	396
468	462
2	815
690	939
625	488
825	232
121	215
327	97
205	405
993	271
872	953
601	992
195	154
346	166
0	241
977	892
631	29
724	486
461	132
466	586
555	449
892	893
311	563
310	140
163	491
504	450
600	204
842	9
154	247
799	649
246	753
536	228
665	869
7	336
693	900
416	604
283	659
510	587
5	928
564	371
677	631
253	811
347	76
574	135
606	415
459	820
755	427
433	505
687	611
125	451
203	951
455	191
329	228
25	847
608	934
854	412
76	530
784	160
925	108
192	245
889	242
759	905
888	802
489	978
885	10
651	186
23	747
980	867
173	509
302	548
869	664
547	307
955	930
860	754
535	201
813	330
503	565
379	882
800	691
642	225
124	215
573	669
736	941
159	805
737	167
81	400
856	168
412	616
107	822
110	785
360	549
521	583
227	518
396	475
133	897
419	267
120	840
484	631
528	743
853	308
710	553
504	680
788	898
522	76
190	329
645	763
56	969
940	809
531	316
790	953
785	637
630	225
671	304
556	596
669	96
709	847
450	915
143	142
57	716
969	681
294	293
374	553
315	365
584	279
288	98
162	737
354	487
735	661
888	194
534	815
240	315
124	44
167	733
558	675
975	429
564	3
752	62
691	70
708	14
635	36
288	563
776	709
403	512
624	686
376	53
743	529
881	497
489	165
560	175
515	821
796	769
215	259
767	775
283	564
572	203
906	760
560	566
45	130
605	296
512	957
284	165
357	538
641	176
708	820
84	825
658	67
752	318
218	265
618	708
791	774
157	905
597	863
79	654
196	375
175	998
950	227
633	11
886	530
58	995
836	541
909	140
729	672
738	172
416	611
151	947
441	166
742	842
111	117
911	896
335	753
13	371
794	507
526	432
930	460
77	238
747	680
505	881
41	562
282	615
407	562
866	822
54	540
746	780
960	773
888	960
844	286
266	608
712	492
617	299
318	43
660	750
585	239
358	36
450	47
866	76
662	509
95	518
575	716
524	536
577	602
485	586
643	697
238	155
918	270
825	857
236	144
967	443
497	549
214	763
328	25
282	966
362	799
853	816
586	319
36	139
892	267
952	94
838	469
655	273
674	850
393	457
852	289
603	507
540	646
823	522
932	746
173	913
178	32
658	682
193	700
496	238
421	54
838	569
83	889
455	26
425	590
198	362
260	95
460	150
210	243
549	620
828	290
588	81
35	755
659	327
327	64
435	77
321	875
95	651
850	560
232	480
154	885
505	557
555	145
438	634
654	335
585	284
435	256
145	191
653	587
194	722
203	769
98	96
544	415
136	953
114	634
994	957
736	76
945	49
676	411
130	689
473	510
219	321
793	936
865	482
425	428
997	377
337	792
796	995
20	731
145	100
278	978
400	44
1	794
972	120
390	929
818	439
405	776
639	628
228	400
515	594
593	433
342	362
446	33
600	849
902	490
556	834
619	505
33	742
280	407
673	282
104	818
295	863
637	634
662	815
922	149
603	126
394	472
863	382
71	247
830	620
337	85
725	398
196	856
748	344
744	142
696	293
380	181
791	445
806	651
996	697
733	344
935	387
252	338
451	679
551	772